0000   00 00 00 00 00 00 00 00 00 00 00 00 86 dd 60 00
0010   00 00 00 90 11 40 00 00 00 00 00 00 00 00 00 00
0020   00 00 00 00 00 01 00 00 00 00 00 00 00 00 00 00
0030   00 00 00 00 00 01 a9 99 18 c7 00 90 0f 65 00 00
0040   00 05 00 00 00 01 7f 00 01 01 00 00 00 00 00 00
0050   00 02 00 00 13 88 00 00 00 01 00 00 00 01 00 00
0060   00 64 00 00 00 01 00 00 00 04 00 00 00 01 00 00
0070   00 01 00 00 00 00 3f ff ff ff 00 00 00 04 00 00
0080   00 01 00 00 00 01 00 00 00 3c 00 00 00 01 00 00
0090   00 2e 00 00 00 04 00 00 00 2a ff ff ff ff ff ff
00a0   ab ab ab ab ab ab 08 06 00 01 08 00 06 04 00 01
00b0   ab ab ab ab ab ab c0 00 02 02 00 00 00 00 00 00
00c0   c0 00 02 01 00 00
